1.73228307659e-06,
1.58005556747e-06,
1.45122325652e-06,
1.34077274761e-06,
1.24502757724e-06,
1.16123037059e-06,
1.08727258212e-06,
1.02151421825e-06,
9.62660568043e-07,
9.09675863667e-07,
8.61721614807e-07,
8.18111828749e-07,
7.78279793542e-07,
7.41753269836e-07,
7.0813556818e-07,
6.77091067598e-07,
6.48333851455e-07,
6.21618869827e-07,
5.96734869776e-07,
5.73498795539e-07,
5.51751205978e-07,
5.31352614745e-07,
5.12180443602e-07,
4.94126556147e-07,
4.77095179619e-07,
4.61001205078e-07,
4.45768738835e-07,
4.3132988742e-07,
4.17623739128e-07,
4.04595489031e-07,
3.92195707067e-07,
3.80379673745e-07,
3.69106859912e-07,
3.58340449199e-07,
3.48046899945e-07,
3.38195627367e-07,
3.28758673589e-07,
3.19710426445e-07,
3.11027398692e-07,
3.02688009784e-07,
2.94672400146e-07,
2.86962269111e-07,
2.79540729164e-07,
2.72392177223e-07,
2.65502181026e-07,
2.58857371844e-07,
2.52445364571e-07,
2.46254653186e-07,
2.40274564098e-07,
2.34495169736e-07,
2.2890723499e-07,
2.23502164852e-07,
2.18271951747e-07,
2.13209131218e-07,
2.08306741653e-07,
2.03558285979e-07,
1.98957697155e-07,
1.94499305372e-07,
1.9017781379e-07,
1.85988259373e-07,
1.81926000838e-07,
1.77986683512e-07,
1.74166224043e-07,
1.70460784215e-07,
1.66866753065e-07,
1.63380724722e-07,
1.59999485091e-07,
1.56719985814e-07,
1.53539337817e-07,
1.50454786034e-07,
1.47463698949e-07,
1.4456355305e-07,
1.4175192046e-07,
1.39026452273e-07,
1.36384872465e-07,
1.33824966484e-07,
1.31344567301e-07,
1.28941552607e-07,
1.26613832176e-07,
1.24359349109e-07,
1.22176068446e-07,
1.20061975368e-07,
1.18015078916e-07,
1.16033398249e-07,
1.14114972913e-07,
1.12257858172e-07,
1.10460126846e-07,
1.0871987153e-07,
1.0703520343e-07,
1.05404260746e-07,
1.03825205716e-07,
1.02296228531e-07,
1.0081555212e-07,
9.93814323421e-08,
9.79921615801e-08,
9.66460708112e-08,
9.53415323539e-08,
9.40769585019e-08,
9.28508096924e-08,
9.16615858294e-08,
9.05078385324e-08,
8.93881629565e-08,
8.8301198992e-08,
8.7245637974e-08,
8.62202138256e-08,
8.52237109837e-08,
8.4254954113e-08,
8.33128187913e-08,
8.23962203597e-08,
8.15041188607e-08,
8.06355154243e-08,
7.97894540708e-08,
7.89650148169e-08,
7.8161318003e-08,
7.73775201704e-08,
7.66128131761e-08,
7.58664233149e-08,
7.51376073275e-08,
7.44256565462e-08,
7.37298894544e-08,
7.3049654023e-08,
7.23843250887e-08,
7.17333035195e-08,
7.10960146879e-08,
7.04719071825e-08,
6.98604526867e-08,
6.92611412029e-08,
6.86734870024e-08,
6.80970194792e-08,
6.75312873255e-08,
6.69758556642e-08,
6.64303047409e-08,
6.58942305785e-08,
6.53672429161e-08,
6.48489639691e-08,
6.43390277288e-08,
6.38370795254e-08,
6.33427757997e-08,
6.28557808234e-08,
6.23757678695e-08,
6.19024181626e-08,
6.14354194941e-08,
6.09744655321e-08,
6.05192539362e-08,
6.00694878899e-08,
5.9624872388e-08,
5.91851145709e-08,
5.87499218587e-08,
5.83190018887e-08,
5.78920597351e-08,
5.74687975656e-08,
5.70489114273e-08,
5.6632091994e-08,
5.57353775062e-08,
5.55286964921e-08,
5.5324900486e-08,
5.51239033019e-08,
5.49256227211e-08,
5.47299804783e-08,
5.45369005804e-08,
5.43463127469e-08,
5.41581476167e-08,
5.39723394195e-08,
5.37888253025e-08,
5.3607544886e-08,
5.34284399324e-08,
5.32514552592e-08,
5.30765372735e-08,
5.29036346012e-08,
5.27326978287e-08,
5.25636794027e-08,
5.23965335364e-08,
5.22312163976e-08,
5.20676846259e-08,
5.19058981276e-08,
5.17458169952e-08,
5.1587403063e-08,
5.1430619469e-08,
5.12754306027e-08,
5.112180172e-08,
5.09697004183e-08,
5.08190937872e-08,
5.06699509757e-08,
5.0522241207e-08,
5.03759357333e-08,
5.02310066714e-08,
5.00874259373e-08,
4.99451671674e-08,
4.98042045676e-08,
4.96645131109e-08,
4.95260685068e-08,
4.93888471733e-08,
4.92528259414e-08,
4.9117983367e-08,
4.89842970295e-08,
4.8851746083e-08,
4.87203104037e-08,
4.85899698175e-08,
4.84607050974e-08,
4.83324974341e-08,
4.82053285193e-08,
4.80791808117e-08,
4.79540364196e-08,
4.78298786687e-08,
4.77066910792e-08,
4.75844575901e-08,
4.74631625444e-08,
4.73427906758e-08,
4.72233268405e-08,
4.71047570401e-08,
4.69870668341e-08,
4.68702420881e-08,
4.67542700023e-08,
4.66391369629e-08,
4.65248301038e-08,
4.64113368565e-08,
4.62986449407e-08,
4.61867423557e-08,
4.60756173724e-08,
4.59652585243e-08,
4.58556546005e-08,
4.57467946378e-08,
4.56386681572e-08,
4.55312637398e-08,
4.54245723721e-08,
4.53185833788e-08,
4.52132869621e-08,
4.51086736181e-08,
4.50047339307e-08,
4.49014580727e-08,
4.47988379385e-08,
4.46968641486e-08,
4.45955281917e-08,
4.4494821537e-08,
4.43947358603e-08,
4.42952630028e-08,
4.4196395033e-08,
4.40981242326e-08,
4.40004421506e-08,
4.39033421443e-08,
4.38068165207e-08,
4.37108579988e-08,
4.36154594732e-08,
4.35206139623e-08,
4.34263146153e-08,
4.33325547086e-08,
4.32393276429e-08,
4.31466269402e-08,
4.30544462403e-08,
4.29627792984e-08,
4.2871619982e-08,
4.27809622681e-08,
4.26908002408e-08,
4.26011280885e-08,
4.25119398753e-08,
4.24232308708e-08,
4.23349941415e-08,
4.22472255093e-08,
4.21599190261e-08,
4.20730693907e-08,
4.1986672002e-08,
4.19007213523e-08,
4.18152128105e-08,
4.1730140948e-08,
4.16455013378e-08,
4.15612891655e-08,
4.14774997738e-08,
4.13941284559e-08,
4.1311170929e-08,
4.12286226569e-08,
4.11464792752e-08,
4.10647364884e-08,
4.09833900686e-08,
4.09024358543e-08,
4.08218697485e-08,
4.07416877178e-08,
4.0661885791e-08,
4.05824600574e-08,
4.05034066661e-08,
4.04247218246e-08,
4.03464017973e-08,
4.02684429049e-08,
4.01908415228e-08,
4.01135940802e-08,
4.0036697059e-08,
3.99601469929e-08,
3.98839404661e-08,
3.98080741125e-08,
3.97325446147e-08,
3.96573487029e-08,
3.95824831616e-08,
3.95079447935e-08,
3.9433730764e-08,
3.93598372738e-08,
3.92862616766e-08,
3.92130012309e-08,
3.91400526985e-08,
3.90674132083e-08,
3.89950798811e-08,
3.89230498769e-08,
3.88513203947e-08,
3.87798886711e-08,
3.87087519797e-08,
3.86379076296e-08,
3.85673529717e-08,
3.84970856683e-08,
3.84271022754e-08,
3.83574011493e-08,
3.82879794298e-08,
3.82188346571e-08,
3.81499643821e-08,
3.8081366188e-08,
3.80130376898e-08,
3.79449765339e-08,
3.78771803976e-08,
3.78096464281e-08,
3.7742373628e-08,
3.76753587569e-08,
3.76085998683e-08,
3.75420947779e-08,
3.74758413285e-08,
3.74098373894e-08,
3.73440808564e-08,
3.72785696508e-08,
3.72133017195e-08,
3.71482750342e-08,
3.70834875913e-08,
3.70189374112e-08,
3.69546225382e-08,
3.68905410399e-08,
3.68266915531e-08,
3.67630710977e-08,
3.66996783564e-08,
3.66365114475e-08,
3.65735687041e-08,
3.65108482217e-08,
3.64483482217e-08,
3.63860669473e-08,
3.63240026613e-08,
3.62621536468e-08,
3.62005184456e-08,
3.61390948974e-08,
3.60778815863e-08,
3.60168768718e-08,
3.59560791321e-08,
3.58954867635e-08,
3.58350981803e-08,
3.57749118143e-08,
3.5714926115e-08,
3.56551395487e-08,
3.5595550599e-08,
3.55361577657e-08,
3.54769595654e-08,
3.54179545307e-08,
3.53591412101e-08,
3.53005181678e-08,
3.52420839837e-08,
3.51838372526e-08,
3.51257765845e-08,
3.50679006045e-08,
3.50102079518e-08,
3.49526972803e-08,
3.48953672582e-08,
3.48382165676e-08,
3.47812439042e-08,
3.47244479777e-08,
3.4667827511e-08,
3.46113812404e-08,
3.4555107915e-08,
3.44990062971e-08,
3.44430751615e-08,
3.43873134823e-08,
3.43317193401e-08,
3.42762925898e-08,
3.42210313805e-08,
3.41659347126e-08,
3.41110014338e-08,
3.40562304033e-08,
3.40016204918e-08,
3.39471705811e-08,
3.38928795643e-08,
3.38387463527e-08,
3.37847698469e-08,
3.37309489792e-08,
3.36772826856e-08,
3.36237699128e-08,
3.35704096174e-08,
3.35172007664e-08,
3.34641423368e-08,
3.34112333155e-08,
3.33584726991e-08,
3.33058594939e-08,
3.32533927157e-08,
3.32010713898e-08,
3.31488945507e-08,
3.30968612422e-08,
3.30449705171e-08,
3.2993221437e-08,
3.29416130727e-08,
3.28901445035e-08,
3.28388148173e-08,
3.27876231108e-08,
3.27365684889e-08,
3.26856500648e-08,
3.26348669601e-08,
3.25842183046e-08,
3.25337032358e-08,
3.24833208995e-08,
3.24330704371e-08,
3.23829509952e-08,
3.23329617689e-08,
3.22831019347e-08,
3.22333708524e-08,
3.21837674037e-08,
3.21342909219e-08,
3.20849406132e-08,
3.20357156907e-08,
3.19866153747e-08,
3.19376388924e-08,
3.18887854782e-08,
3.18400543729e-08,
3.17914448245e-08,
3.17429560875e-08,
3.1694587423e-08,
3.16463380987e-08,
3.15982073889e-08,
3.15501945741e-08,
3.15022989413e-08,
3.14545197837e-08,
3.14068564008e-08,
3.13593080981e-08,
3.13118741873e-08,
3.1264553986e-08,
3.1217346818e-08,
3.11702520127e-08,
3.11232689054e-08,
3.10763968373e-08,
3.10296351553e-08,
3.09829832117e-08,
3.09364403647e-08,
3.0890005978e-08,
3.08436794205e-08,
3.07974600669e-08,
3.0751347297e-08,
3.07053404961e-08,
3.06594390546e-08,
3.06136423683e-08,
3.05679498381e-08,
3.05223608699e-08,
3.04768748749e-08,
3.0431491269e-08,
3.03862094734e-08,
3.03410289141e-08,
3.02959490218e-08,
3.0250969238e-08,
3.02060890208e-08,
3.01613077912e-08,
3.0116624999e-08,
3.00720400988e-08,
3.00275525497e-08,
2.99831618156e-08,
2.99388673645e-08,
2.98946686694e-08,
2.98505647647e-08,
2.98065560182e-08,
2.97626414724e-08,
2.97188206178e-08,
2.96750929489e-08,
2.96314579647e-08,
2.95879151683e-08,
2.9544464067e-08,
2.95011041723e-08,
2.94578349998e-08,
2.94146560691e-08,
2.9371566904e-08,
2.93285670323e-08,
2.92856559856e-08,
2.92428332995e-08,
2.92000985138e-08,
2.9157451196e-08,
2.91148908355e-08,
2.90724170198e-08,
2.90300293034e-08,
2.89877274092e-08,
2.89455104068e-08,
2.89033783547e-08,
2.88613305148e-08,
2.88193668916e-08,
2.87774866309e-08,
2.8735689457e-08,
2.86939749542e-08,
2.86523427102e-08,
2.86107923162e-08,
2.85693233671e-08,
2.85279354611e-08,
2.84866281999e-08,
2.84454011887e-08,
2.8404254036e-08,
2.83631863537e-08,
2.83221977571e-08,
2.82812878649e-08,
2.82404562989e-08,
2.81997026844e-08,
2.81590266498e-08,
2.81184278269e-08,
2.80779058505e-08,
2.80374603589e-08,
2.79970909917e-08,
2.79567973935e-08,
2.7916579214e-08,
2.7876436104e-08,
2.78363677173e-08,
2.77963736815e-08,
2.7756453775e-08,
2.77166075497e-08,
2.76768346721e-08,
2.7637134812e-08,
2.7597507642e-08,
2.7557952838e-08,
2.75184700786e-08,
2.74790590457e-08,
2.7439719831e-08,
2.74004513076e-08,
2.73612536692e-08,
2.73221265674e-08,
2.72830696587e-08,
2.72440826409e-08,
2.72051652156e-08,
2.71663170868e-08,
2.71275379613e-08,
2.70888275487e-08,
2.70501855613e-08,
2.70116117143e-08,
2.69731057254e-08,
2.69346673155e-08,
2.68962962078e-08,
2.68579921284e-08,
2.68197548061e-08,
2.67815839724e-08,
2.67434793614e-08,
2.670544071e-08,
2.66674677576e-08,
2.66295602463e-08,
2.65917179211e-08,
2.65539405292e-08,
2.65162278206e-08,
2.6478579548e-08,
2.64409954666e-08,
2.64034753342e-08,
2.63660189111e-08,
2.63286259604e-08,
2.62912962474e-08,
2.62540295402e-08,
2.62168256094e-08,
2.61796842281e-08,
2.61426051719e-08,
2.61055882189e-08,
2.60686331498e-08,
2.60317397477e-08,
2.59949077947e-08,
2.59581370818e-08,
2.59214274e-08,
2.58847785424e-08,
2.58481903045e-08,
2.58116624841e-08,
2.57751948815e-08,
2.57387871206e-08,
2.57024393684e-08,
2.56661512497e-08,
2.56299225745e-08,
2.55937531552e-08,
2.55576428067e-08,
2.5521591346e-08,
2.54855985927e-08,
2.54496645166e-08,
2.54137886424e-08,
2.53779709486e-08,
2.53422112641e-08,
2.53065094204e-08,
2.5270865251e-08,
2.52352785921e-08,
2.5199749282e-08,
2.51642771613e-08,
2.51288620731e-08,
2.50935038626e-08,
2.50582023775e-08,
2.50229574676e-08,
2.49877689851e-08,
2.49526367845e-08,
2.49175607224e-08,
2.48825406581e-08,
2.48475764526e-08,
2.48126679695e-08,
2.47778150747e-08,
2.47430176362e-08,
2.47082755242e-08,
2.46735886113e-08,
2.46389567722e-08,
2.46043798839e-08,
2.45698578255e-08,
2.45353904785e-08,
2.45009777265e-08,
2.44666194553e-08,
2.44323155529e-08,
2.43980659094e-08,
2.43638704173e-08,
2.43297289711e-08,
2.42956414676e-08,
2.42616078055e-08,
2.4227627886e-08,
2.41937016122e-08,
2.41598288895e-08,
2.41260096253e-08,
2.40922437293e-08,
2.40585311132e-08,
2.40248716908e-08,
2.39912653781e-08,
2.39577120931e-08,
2.39242117382e-08,
2.38907642757e-08,
2.3857369607e-08,
2.38240276587e-08,
2.37907383593e-08,
2.37575016393e-08,
2.37243173821e-08,
2.36911858086e-08,
2.36581062881e-08,
2.36250791439e-08,
2.35921042822e-08,
2.35591820055e-08,
2.35263115583e-08,
2.34934932366e-08,
2.34607266405e-08,
2.34280124162e-08,
2.33953501687e-08,
2.33627398486e-08,
2.33301810709e-08,
2.32976743662e-08,
2.32652193824e-08,
2.32328161402e-08,
2.32004646039e-08,
2.31681647397e-08,
2.31359165155e-08,
2.31037199013e-08,
2.30715748687e-08,
2.30394813915e-08,
2.30074394451e-08,
2.29754490067e-08,
2.29435100555e-08,
2.29116225723e-08,
2.28797865398e-08,
2.28480019425e-08,
2.28162687667e-08,
2.27845870002e-08,
2.27529566328e-08,
2.27213775552e-08,
2.26898500628e-08,
2.26583738482e-08,
2.26269490087e-08,
2.25955755425e-08,
2.25642534495e-08,
2.2532982731e-08,
2.25017633904e-08,
2.24705954324e-08,
2.24394788674e-08,
2.24084136994e-08,
2.23773999379e-08,
2.2346437594e-08,
2.23155266802e-08,
2.22846672104e-08,
2.22538592002e-08,
2.22231028063e-08,
2.21923977694e-08,
2.21617442468e-08,
2.21311421159e-08,
2.21005916868e-08,
2.20700928405e-08,
2.20396456025e-08,
2.20092499993e-08,
2.19789060593e-08,
2.19486138115e-08,
2.19183732868e-08,
2.1888184517e-08,
2.18580475351e-08,
2.18279623755e-08,
2.17979290737e-08,
2.17679476664e-08,
2.17380181913e-08,
2.17081406961e-08,
2.16783151528e-08,
2.16485416714e-08,
2.16188202989e-08,
2.15891510842e-08,
2.15595340785e-08,
2.15299690161e-08,
2.15004566329e-08,
2.14709963361e-08,
2.1441588404e-08,
2.14122328855e-08,
2.13829298392e-08,
2.13536793072e-08,
2.13244813344e-08,
2.12953359722e-08,
2.12662432727e-08,
2.12372032927e-08,
2.12082160998e-08,
2.11792817365e-08,
2.11504001677e-08,
2.11215715866e-08,
2.10927959943e-08,
2.10640734373e-08,
2.10354039695e-08,
2.10067876563e-08,
2.0978224552e-08,
2.09497147134e-08,
2.09212585084e-08,
2.08928553738e-08,
2.08645057056e-08,
2.08362094794e-08,
2.08079671441e-08,
2.07797781373e-08,
2.07516429167e-08,
2.07235614457e-08,
2.06955337846e-08,
2.06675599937e-08,
2.06396401335e-08,
2.06117742645e-08,
2.05839624473e-08,
2.05562047423e-08,
2.05285012101e-08,
2.0500851911e-08,
2.04732569055e-08,
2.04457162537e-08,
2.04182300155e-08,
2.03907979483e-08,
2.03634207166e-08,
2.03360980766e-08,
2.03088300863e-08,
2.02816167606e-08,
2.02544581815e-08,
2.02273544185e-08,
2.02003055178e-08,
2.01733115532e-08,
2.01463725893e-08,
2.0119488703e-08,
2.00926598622e-08,
2.00658861684e-08,
2.00391676745e-08,
2.00125044329e-08,
1.9985896495e-08,
1.99593439083e-08,
1.99328467258e-08,
1.99064049966e-08,
1.98800187691e-08,
1.98536880905e-08,
1.98274130075e-08,
1.98011935654e-08,
1.97750298089e-08,
1.97489217815e-08,
1.97228693419e-08,
1.9696872898e-08,
1.96709323077e-08,
1.96450476103e-08,
1.96192188437e-08,
1.95934460448e-08,
1.95677292495e-08,
1.95420686793e-08,
1.95164639926e-08,
1.94909154086e-08,
1.94654229581e-08,
1.94399866701e-08,
1.94146065726e-08,
1.93892826921e-08,
1.93640150537e-08,
1.93388036809e-08,
1.9313648596e-08,
1.92885498196e-08,
1.92635073709e-08,
1.92385212676e-08,
1.92135915257e-08,
1.91887181597e-08,
1.91639011826e-08,
1.91391406056e-08,
1.91144364383e-08,
1.90897886888e-08,
1.90651973634e-08,
1.90406624666e-08,
1.90161840014e-08,
1.89917619689e-08,
1.89673963685e-08,
1.89430871979e-08,
1.89188344529e-08,
1.88946381275e-08,
1.8870498214e-08,
1.88464147027e-08,
1.88223875823e-08,
1.87984168394e-08,
1.87745024588e-08,
1.87506444234e-08,
1.87268427143e-08,
1.87030973106e-08,
1.86794081895e-08,
1.86557753262e-08,
1.8632198694e-08,
1.86086782644e-08,
1.85852140067e-08,
1.85618057963e-08,
1.85384537984e-08,
1.85151578673e-08,
1.84919179645e-08,
1.84687340496e-08,
1.84456060801e-08,
1.84225340115e-08,
1.83995177973e-08,
1.8376557389e-08,
1.83536527361e-08,
1.8330803786e-08,
1.8308010444e-08,
1.82852728941e-08,
1.82625905968e-08,
1.8239963892e-08,
1.82173925967e-08,
1.81948766464e-08,
1.81724159741e-08,
1.8150010511e-08,
1.81276601863e-08,
1.8105364927e-08,
1.80831247001e-08,
1.80609392879e-08,
1.80388087556e-08,
1.80167330175e-08,
1.79947119192e-08,
1.79727454006e-08,
1.79508333783e-08,
1.79289757634e-08,
1.79071724647e-08,
1.78854233888e-08,
1.78637284408e-08,
1.78420875232e-08,
1.78205005371e-08,
1.77989673812e-08,
1.77774879526e-08,
1.7756062146e-08,
1.77346898547e-08,
1.77133709697e-08,
1.76921053803e-08,
1.76708929736e-08,
1.76497336353e-08,
1.76286272488e-08,
1.76075736958e-08,
1.75865728562e-08,
1.75656246061e-08,
1.75447288202e-08,
1.75238853746e-08,
1.75030941414e-08,
1.74823549911e-08,
1.74616677919e-08,
1.74410324107e-08,
1.74204487123e-08,
1.73999165598e-08,
1.73794358144e-08,
1.7359006354e-08,
1.73386279677e-08,
1.73183005611e-08,
1.72980239893e-08,
1.72777981062e-08,
1.72576227641e-08,
1.72374978139e-08,
1.72174231051e-08,
1.71973984856e-08,
1.71774238022e-08,
1.71574989002e-08,
1.71376233694e-08,
1.71177975595e-08,
1.70980209374e-08,
1.70782934336e-08,
1.70586148829e-08,
1.70389851182e-08,
1.70194039709e-08,
1.69998712709e-08,
1.69803868463e-08,
1.69609505241e-08,
1.69415621415e-08,
1.69222215234e-08,
1.69029284816e-08,
1.68836828363e-08,
1.68644844061e-08,
1.68453327583e-08,
1.68262282082e-08,
1.68071703197e-08,
1.67881589052e-08,
1.67691937756e-08,
1.67502747401e-08,
1.67314016063e-08,
1.67125741793e-08,
1.66937922703e-08,
1.66750556786e-08,
1.66563642094e-08,
1.66377179119e-08,
1.66191160939e-08,
1.66005588866e-08,
1.65820460285e-08,
1.65635773091e-08,
1.65451525251e-08,
1.65267714926e-08,
1.6508433972e-08,
1.64901397712e-08,
1.64718885613e-08,
1.64536804175e-08,
1.64355149043e-08,
1.64173918685e-08,
1.6399311097e-08,
1.63812723755e-08,
1.63632754886e-08,
1.63453202197e-08,
1.63274063755e-08,
1.63095336844e-08,
1.62917019586e-08,
1.62739109774e-08,
1.62561605185e-08,
1.62384503585e-08,
1.62207802766e-08,
1.62031500505e-08,
1.61855594405e-08,
1.6168008073e-08,
1.61504959838e-08,
1.61330227827e-08,
1.61155883227e-08,
1.60981923638e-08,
1.60808346092e-08,
1.60635148402e-08,
1.60462327994e-08,
1.60289883399e-08,
1.60117812305e-08,
1.59946110146e-08,
1.59774776721e-08,
1.59603808948e-08,
1.594332044e-08,
1.59262960638e-08,
1.59093075214e-08,
1.58923545666e-08,
1.58754369522e-08,
1.58585544296e-08,
1.58417067492e-08,
1.58248936602e-08,
1.58081149107e-08,
1.57913702473e-08,
1.57746594156e-08,
1.57579821601e-08,
1.57413382237e-08,
1.57247273484e-08,
1.57081492747e-08,
1.56916037418e-08,
1.56750904879e-08,
1.56586092496e-08,
1.56421597623e-08,
1.562574176e-08,
1.56093549754e-08,
1.55929991397e-08,
1.55766739829e-08,
1.55603792333e-08,
1.5544114618e-08,
1.55278798625e-08,
1.55116746908e-08,
1.54954988256e-08,
1.54793519877e-08,
1.54632338966e-08,
1.544714427e-08,
1.54310828242e-08,
1.54150492737e-08,
1.53990433313e-08,
1.53830647448e-08,
1.536711319e-08,
1.535118814e-08,
1.53352899419e-08,
1.53194176377e-08,
1.53035711876e-08,
1.52877502909e-08,
1.52719546448e-08,
1.52561839444e-08,
1.52404378834e-08,
1.52247161524e-08,
1.52090184405e-08,
1.51933444345e-08,
1.51776938189e-08,
1.51620662757e-08,
1.51464614849e-08,
1.5130879124e-08,
1.51153188677e-08,
1.50997803885e-08,
1.5084263356e-08,
1.50687674372e-08,
1.50532922962e-08,
1.50378375945e-08,
1.50224029904e-08,
1.50069881395e-08,
1.4991592694e-08,
1.49762163032e-08,
1.49608586129e-08,
1.49455192659e-08,
1.49301979011e-08,
1.49148941543e-08,
1.48996076575e-08,
1.48843380388e-08,
1.48690849227e-08,
1.48538479296e-08,
1.4838626676e-08,
1.48234207739e-08,
1.48082298557e-08,
1.47930534516e-08,
1.47778912337e-08,
1.47627427715e-08,
1.47476076544e-08,
