1.51090529701e-06,
1.48725279539e-06,
1.46412164025e-06,
1.44149753584e-06,
1.44149753584e-06,
1.44149753584e-06,
1.42128969005e-06,
1.39988589974e-06,
1.37893873976e-06,
1.35843609016e-06,
1.33836621551e-06,
1.31871775083e-06,
1.29947968801e-06,
1.28064136281e-06,
1.26219244246e-06,
1.24412291364e-06,
1.22642307115e-06,
1.20908350679e-06,
1.19209509893e-06,
1.17544900231e-06,
1.15913663835e-06,
1.14314968583e-06,
1.12748007192e-06,
1.11211996361e-06,
1.09706175939e-06,
1.08229808128e-06,
1.06782176734e-06,
1.05362586415e-06,
1.03970361987e-06,
1.02604847742e-06,
1.01265406793e-06,
9.99514204513e-07,
9.86622876174e-07,
9.73974242021e-07,
9.61562625671e-07,
9.49382509855e-07,
9.37428531237e-07,
9.2569547542e-07,
9.14178272134e-07,
9.02871990604e-07,
8.91771835086e-07,
8.80873140565e-07,
8.70171368611e-07,
8.59662103376e-07,
8.4934104775e-07,
8.39204019641e-07,
8.29246948389e-07,
8.19465871316e-07,
8.09856930389e-07,
8.00416369002e-07,
7.91140528873e-07,
7.82025847046e-07,
7.73068853002e-07,
7.64266165861e-07,
7.55614491693e-07,
7.47110620904e-07,
7.38751425733e-07,
7.30533857809e-07,
7.22454945811e-07,
7.14511793202e-07,
7.06701576028e-07,
6.99021540804e-07,
6.91469002464e-07,
6.84041342383e-07,
6.76736006455e-07,
6.69550503246e-07,
6.62482402197e-07,
6.55529331899e-07,
6.48688978404e-07,
6.41959083613e-07,
6.35337443695e-07,
6.28821907575e-07,
6.22410375456e-07,
6.16100797399e-07,
6.09891171939e-07,
6.0377954475e-07,
5.97764007352e-07,
5.91842695856e-07,
5.86013789747e-07,
5.80275510712e-07,
5.74626121494e-07,
5.69063924794e-07,
5.63587262192e-07,
5.5819451311e-07,
5.52884093808e-07,
5.47654456408e-07,
5.42504087943e-07,
5.3743150944e-07,
5.32435275031e-07,
5.27513971092e-07,
5.22666215391e-07,
5.17890656294e-07,
5.13185971959e-07,
5.0855086958e-07,
5.03984084637e-07,
4.99484380178e-07,
4.95050546119e-07,
4.90681398555e-07,
4.86375779113e-07,
4.82132554296e-07,
4.77950614871e-07,
4.73828875253e-07,
4.69766272927e-07,
4.65761767869e-07,
4.61814341994e-07,
4.57922998612e-07,
4.54086761913e-07,
4.50304676443e-07,
4.46575806621e-07,
4.42899236251e-07,
4.39274068054e-07,
4.35699423213e-07,
4.32174440928e-07,
4.28698277988e-07,
4.25270108352e-07,
4.21889122737e-07,
4.18554528224e-07,
4.15265547875e-07,
4.12021420351e-07,
4.08821399551e-07,
4.05664754257e-07,
4.02550767783e-07,
3.99478737642e-07,
3.96447975216e-07,
3.9345780544e-07,
3.90507566484e-07,
3.87596609458e-07,
3.84724298111e-07,
3.81890008548e-07,
3.79093128947e-07,
3.76333059286e-07,
3.73609211084e-07,
3.70921007131e-07,
3.68267881248e-07,
3.65649278032e-07,
3.63064652621e-07,
3.60513470462e-07,
3.57995207078e-07,
3.55509347853e-07,
3.53055387809e-07,
3.50632831402e-07,
3.48241192312e-07,
3.45879993245e-07,
3.43548765737e-07,
3.41247049962e-07,
3.38974394548e-07,
3.36730356395e-07,
3.34514500499e-07,
3.32326399777e-07,
3.30165634904e-07,
3.28031794141e-07,
3.25924473183e-07,
3.23843274995e-07,
3.21787809669e-07,
3.1975769426e-07,
3.17752552658e-07,
3.15772015433e-07,
3.13815719702e-07,
3.11883308995e-07,
3.09974433119e-07,
3.0808874803e-07,
3.0622591571e-07,
3.04385604038e-07,
3.02567486675e-07,
3.00771242949e-07,
2.98996557731e-07,
2.9724312133e-07,
2.95510629385e-07,
2.93798782749e-07,
2.92107287395e-07,
2.90435854307e-07,
2.88784199384e-07,
2.87152043339e-07,
2.85539111604e-07,
2.83945134244e-07,
2.82369845852e-07,
2.80812985472e-07,
2.79274296507e-07,
2.77753526635e-07,
2.76250427722e-07,
2.74764755744e-07,
2.73296270708e-07,
2.71844736569e-07,
2.7040992116e-07,
2.68991596114e-07,
2.67589536785e-07,
2.66203522192e-07,
2.64833334929e-07,
2.63478761115e-07,
2.62139590313e-07,
2.60815615472e-07,
2.59506632861e-07,
2.58212442004e-07,
2.56932845622e-07,
2.55667649567e-07,
2.54416662771e-07,
2.5317969718e-07,
2.51956567701e-07,
2.50747092152e-07,
2.49551091194e-07,
2.48368388293e-07,
2.47198809658e-07,
2.46042184192e-07,
2.44898343448e-07,
2.43767121572e-07,
2.42648355261e-07,
2.4154188371e-07,
2.40447548576e-07,
2.39365193926e-07,
2.38294666192e-07,
2.37235814135e-07,
2.36188488798e-07,
2.35152543466e-07,
2.34127833626e-07,
2.33114216928e-07,
2.32111553149e-07,
2.3111970415e-07,
2.30138533843e-07,
2.29167908157e-07,
2.28207694999e-07,
2.27257764221e-07,
2.26906050156e-07,
2.25974001247e-07,
2.25051878642e-07,
2.24139559383e-07,
2.23236922303e-07,
2.22343847993e-07,
2.21460218772e-07,
2.20585918658e-07,
2.19720833339e-07,
2.18864850151e-07,
2.18017858041e-07,
2.17179747547e-07,
2.16350410774e-07,
2.15529741362e-07,
2.14717634462e-07,
2.13913986719e-07,
2.13118696237e-07,
2.12331662561e-07,
2.11552786657e-07,
2.1078197088e-07,
2.10019118961e-07,
2.09264135977e-07,
2.08516928335e-07,
2.07777403748e-07,
2.07045471213e-07,
2.06321040995e-07,
2.05604024601e-07,
2.04894334761e-07,
2.04191885417e-07,
2.03496591686e-07,
2.02808369861e-07,
2.02127137377e-07,
2.01452812801e-07,
2.0078531581e-07,
2.00124567175e-07,
1.99470488744e-07,
1.98823003422e-07,
1.98182035156e-07,
1.9754750892e-07,
1.96919350693e-07,
1.9629748745e-07,
1.95681847141e-07,
1.95072358679e-07,
1.9446895192e-07,
1.93871557653e-07,
1.93280107584e-07,
1.92694534318e-07,
1.92114771349e-07,
1.91540753045e-07,
1.90972414634e-07,
1.90409692189e-07,
1.89852522619e-07,
1.8930084365e-07,
1.88754593818e-07,
1.88213712456e-07,
1.87678139678e-07,
1.87147816368e-07,
1.86622684176e-07,
1.86102685493e-07,
1.85587763451e-07,
1.85077861908e-07,
1.84572925439e-07,
1.84072899319e-07,
1.83577729522e-07,
1.83088084994e-07,
1.83088084994e-07,
1.82641281943e-07,
1.82163670746e-07,
1.81690665317e-07,
1.81222215642e-07,
1.80758272329e-07,
1.80298786608e-07,
1.79843710314e-07,
1.79392995882e-07,
1.78946596341e-07,
1.78504465298e-07,
1.78066556938e-07,
1.77632826006e-07,
1.77203227809e-07,
1.76777718201e-07,
1.76356253577e-07,
1.75938790868e-07,
1.75525287528e-07,
1.75115701532e-07,
1.74709991365e-07,
1.74308116013e-07,
1.73910034965e-07,
1.73515708193e-07,
1.73125096157e-07,
1.72738159789e-07,
1.72354860491e-07,
1.71975160131e-07,
1.7159902103e-07,
1.71226405959e-07,
1.70857278135e-07,
1.70491601207e-07,
1.70129339264e-07,
1.69770456811e-07,
1.69414918781e-07,
1.69062690515e-07,
1.68713737764e-07,
1.68368026682e-07,
1.68025523821e-07,
1.67686196123e-07,
1.67350010915e-07,
1.67016935908e-07,
1.66686939189e-07,
1.66359989212e-07,
1.66036054802e-07,
1.65715105144e-07,
1.65397109773e-07,
1.65082038585e-07,
1.64769861815e-07,
1.64460550044e-07,
1.64154074191e-07,
1.63850405504e-07,
1.63549515565e-07,
1.63251376276e-07,
1.62955959862e-07,
1.6266323886e-07,
1.62373186127e-07,
1.62085774817e-07,
1.61800978396e-07,
1.61518770626e-07,
1.61239125565e-07,
1.60962017564e-07,
1.60687421262e-07,
1.60415311584e-07,
1.60145663732e-07,
1.5987845319e-07,
1.59613655712e-07,
1.59351247324e-07,
1.59091204319e-07,
1.58833503253e-07,
1.58578120942e-07,
1.58325034459e-07,
1.58074221131e-07,
1.57825658534e-07,
1.57579324493e-07,
1.57335197076e-07,
1.57093254591e-07,
1.56853475586e-07,
1.56615838845e-07,
1.56380323382e-07,
1.56146908438e-07,
1.55915573487e-07,
1.55686298222e-07,
1.55459062556e-07,
1.55233846624e-07,
1.55010630773e-07,
1.54789395564e-07,
1.54570121771e-07,
1.5435279037e-07,
1.54137382547e-07,
1.5392387969e-07,
1.53712263383e-07,
1.53502515412e-07,
1.53294617758e-07,
1.53088552593e-07,
1.5288430228e-07,
1.52681849373e-07,
1.52481176609e-07,
1.5228226691e-07,
1.5208510338e-07,
1.51889669302e-07,
1.51695948135e-07,
1.51503923517e-07,
1.51313579254e-07,
1.51124899329e-07,
1.50937867889e-07,
1.5075246925e-07,
1.50568687893e-07,
1.50386508464e-07,
1.50205915765e-07,
1.50026894764e-07,
1.49849430582e-07,
1.49673508495e-07,
1.49499113938e-07,
1.49326232491e-07,
1.4915484989e-07,
1.48984952017e-07,
1.488165249e-07,
1.48649554714e-07,
1.48484027775e-07,
1.48319930545e-07,
1.48157249619e-07,
1.47995971737e-07,
1.47836083773e-07,
1.47677572737e-07,
1.47520425772e-07,
1.47364630154e-07,
1.47210173288e-07,
1.47057042711e-07,
1.46905226086e-07,
1.46754711201e-07,
1.46605485973e-07,
1.46457538437e-07,
1.46310856753e-07,
1.46165429203e-07,
1.46021244184e-07,
1.45878290216e-07,
1.45736555932e-07,
1.45596030081e-07,
1.45456701526e-07,
1.45318559245e-07,
1.45181592322e-07,
1.45045789957e-07,
1.44911141455e-07,
1.44777636233e-07,
1.44645263808e-07,
1.44514013808e-07,
1.44383875962e-07,
1.44254840106e-07,
1.44126896171e-07,
1.44000034197e-07,
1.43874244316e-07,
1.43749516764e-07,
1.43625841872e-07,
1.43503210066e-07,
1.43381611872e-07,
1.43261037905e-07,
1.43141478875e-07,
1.43022925586e-07,
1.42905368933e-07,
1.42788799896e-07,
1.42673209552e-07,
1.42558589061e-07,
1.42444929671e-07,
1.42332222717e-07,
1.4222045962e-07,
1.42109631884e-07,
1.41999731098e-07,
1.41890748932e-07,
1.4178267714e-07,
1.41675977254e-07,
1.41675977254e-07,
1.41675977254e-07,
1.41675977254e-07,
1.41675977254e-07,
1.41588254371e-07,
1.41486041551e-07,
1.41384678382e-07,
1.41284157295e-07,
1.41184470792e-07,
1.41085611448e-07,
1.4098757191e-07,
1.40890344899e-07,
1.40793923202e-07,
1.40698299678e-07,
1.40603467256e-07,
1.40509418931e-07,
1.40416147766e-07,
1.40323646892e-07,
1.40231909504e-07,
1.40140928866e-07,
1.400506983e-07,
1.399612112e-07,
1.39872461018e-07,
1.3978444127e-07,
1.39697145534e-07,
1.3961056745e-07,
1.39524700717e-07,
1.39439539096e-07,
1.39355076406e-07,
1.39271306527e-07,
1.39188223394e-07,
1.39105821e-07,
1.39024093398e-07,
1.38943034696e-07,
1.38862639056e-07,
1.38782900695e-07,
1.38703813888e-07,
1.38625372963e-07,
1.385475723e-07,
1.38470406332e-07,
1.38393869544e-07,
1.38317956477e-07,
1.38242661717e-07,
1.38167979907e-07,
1.38093905736e-07,
1.38020433944e-07,
1.3794755932e-07,
1.37875276704e-07,
1.3780358098e-07,
1.37732467084e-07,
1.37661929997e-07,
1.37591964747e-07,
1.37522566408e-07,
1.374537301e-07,
1.37385450991e-07,
1.3731772429e-07,
1.37250545253e-07,
1.37183909176e-07,
1.37117811406e-07,
1.37052247325e-07,
1.36987212365e-07,
1.36922701994e-07,
1.36858711724e-07,
1.36795237112e-07,
1.36732273749e-07,
1.36669817273e-07,
1.36607863359e-07,
1.36546407721e-07,
1.36485446116e-07,
1.36424974334e-07,
1.36364988211e-07,
1.36305483616e-07,
1.36246456456e-07,
1.36187902677e-07,
1.36129818263e-07,
1.3607219923e-07,
1.36015041637e-07,
1.35958341575e-07,
1.35902095169e-07,
1.35846298583e-07,
1.35790948014e-07,
1.35736039692e-07,
1.35681569886e-07,
1.35627534893e-07,
1.35573931049e-07,
1.3552075472e-07,
1.35468002302e-07,
1.3541567023e-07,
1.35363754968e-07,
1.35312253013e-07,
1.35261160889e-07,
1.35210475158e-07,
1.35160192409e-07,
1.35110309264e-07,
1.35060822372e-07,
1.35011728414e-07,
1.34963024102e-07,
1.34914706175e-07,
1.34866771403e-07,
1.34819216585e-07,
1.34772038549e-07,
1.34725234146e-07,
1.34678800264e-07,
1.34632733812e-07,
1.3458703173e-07,
1.34541690983e-07,
1.34496708565e-07,
1.34452081495e-07,
1.34407806819e-07,
1.34363881612e-07,
1.3432030297e-07,
1.34277068018e-07,
1.34234173905e-07,
1.34191617808e-07,
1.34149396924e-07,
1.3410750848e-07,
1.34065949725e-07,
1.34024717932e-07,
1.33983810398e-07,
1.33943224445e-07,
1.33902957419e-07,
1.33863006686e-07,
1.3382336964e-07,
1.33784043692e-07,
1.33745026283e-07,
1.33706314871e-07,
1.33667906937e-07,
1.33629799985e-07,
1.33591991542e-07,
1.33554479155e-07,
1.33517260392e-07,
1.33480332845e-07,
1.33443694123e-07,
1.33407341859e-07,
1.33371273706e-07,
1.33335487337e-07,
1.33299980445e-07,
1.33264750742e-07,
1.33229795963e-07,
1.33195113861e-07,
1.33160702208e-07,
1.33126558798e-07,
1.33092681438e-07,
1.33059067959e-07,
1.33025716211e-07,
1.32992624062e-07,
1.32959789396e-07,
1.32927210117e-07,
1.32894884148e-07,
1.32862809429e-07,
1.32830983917e-07,
1.32799405589e-07,
1.32768072436e-07,
1.32736982469e-07,
1.32706133715e-07,
1.32675524218e-07,
1.32645152039e-07,
1.32615015256e-07,
1.32585111963e-07,
1.32555440271e-07,
1.32525998304e-07,
1.32496784208e-07,
1.3246779614e-07,
1.32439032274e-07,
1.32410490799e-07,
1.32382169923e-07,
1.32354067864e-07,
1.3232618286e-07,
1.3229851316e-07,
1.32271242582e-07,
1.32271242582e-07,
1.32271242582e-07,
1.32271242582e-07,
1.32271242582e-07,
1.32271242582e-07,
1.32271242582e-07,
1.32271242582e-07,
1.32271242582e-07,
1.32271242582e-07,
1.32247008383e-07,
1.32221756483e-07,
1.32196698735e-07,
1.32171833586e-07,
1.32147159492e-07,
1.32122674926e-07,
1.32098378374e-07,
1.3207426833e-07,
1.32050343306e-07,
1.32026601822e-07,
1.32003042417e-07,
1.31979663634e-07,
1.31956464037e-07,
1.31933442192e-07,
1.31910596686e-07,
1.31887926112e-07,
1.31865429079e-07,
1.31843104206e-07,
1.31820950122e-07,
1.31798965469e-07,
1.317771489e-07,
1.31755499081e-07,
1.31734014684e-07,
1.31712694399e-07,
1.31691536922e-07,
1.31670540962e-07,
1.31649705237e-07,
1.31629028478e-07,
1.31608509424e-07,
1.31588146827e-07,
1.31567939451e-07,
1.31547886061e-07,
1.31527985445e-07,
1.3150823639e-07,
1.31488637702e-07,
1.3146918819e-07,
1.31449886677e-07,
1.31430731993e-07,
1.31411722981e-07,
1.31392858491e-07,
1.31374137383e-07,
1.31355558526e-07,
1.313371208e-07,
1.31318823093e-07,
1.31300664301e-07,
1.31282643334e-07,
1.31264759103e-07,
1.31247010535e-07,
1.31229396564e-07,
1.3121191613e-07,
1.31194568185e-07,
1.31177351688e-07,
1.31160265607e-07,
1.31143308919e-07,
1.31126480608e-07,
1.31109779667e-07,
1.31093205098e-07,
1.31076755912e-07,
1.31060431123e-07,
1.31044229761e-07,
1.31028150857e-07,
1.31012193453e-07,
1.309963566e-07,
1.30980639354e-07,
1.3096504078e-07,
1.30949559951e-07,
1.30934195946e-07,
1.30918947855e-07,
1.30903814771e-07,
1.30888795797e-07,
1.30873890045e-07,
1.30859096628e-07,
1.30844414673e-07,
1.3082984331e-07,
1.3081538168e-07,
1.30801028925e-07,
1.307867842e-07,
1.30772646662e-07,
1.30758615478e-07,
1.30744689823e-07,
1.30730868874e-07,
1.30717151817e-07,
1.30703537847e-07,
1.30690026162e-07,
1.30676615968e-07,
1.30663306477e-07,
1.30650096907e-07,
1.30636986484e-07,
1.30623974439e-07,
1.3061106001e-07,
1.30598242439e-07,
1.30585520978e-07,
1.3057289488e-07,
1.30560363408e-07,
1.3054792583e-07,
1.30535581419e-07,
1.30523329455e-07,
1.30511169222e-07,
1.30499100013e-07,
1.30487121124e-07,
1.30475231856e-07,
1.30463431518e-07,
1.30451719424e-07,
1.30440094891e-07,
1.30428557246e-07,
1.30417105817e-07,
1.3040573994e-07,
1.30394458956e-07,
1.30383262209e-07,
1.30372149053e-07,
1.30361118843e-07,
1.30350170939e-07,
1.3033930471e-07,
1.30328519525e-07,
1.30317814764e-07,
1.30307189806e-07,
1.30296644038e-07,
1.30286176853e-07,
1.30275787645e-07,
1.30265475817e-07,
1.30255240774e-07,
1.30245081926e-07,
1.30234998691e-07,
1.30224990486e-07,
1.30215056737e-07,
1.30205196873e-07,
1.30195410328e-07,
1.3018569654e-07,
1.30176054951e-07,
1.30166485011e-07,
1.30156986167e-07,
1.30147557878e-07,
1.30138199604e-07,
1.30128910808e-07,
1.30119690961e-07,
1.30110539533e-07,
1.30101456003e-07,
1.30092439853e-07,
1.30083490567e-07,
1.30074607634e-07,
1.3006579055e-07,
1.30057038809e-07,
1.30048351914e-07,
1.30039729372e-07,
1.30031170691e-07,
1.30022675383e-07,
1.30014242966e-07,
1.30005872962e-07,
1.29997564893e-07,
1.29989318291e-07,
1.29981132685e-07,
1.29973007611e-07,
1.29964942611e-07,
1.29956937224e-07,
1.29948991e-07,
1.29941103489e-07,
1.29933274244e-07,
1.29925502821e-07,
1.29917788782e-07,
1.29910131692e-07,
1.29902531117e-07,
1.29895057839e-07
