// offset 152 DAC
2.52390227496e-05,
2.43510340015e-05,
2.35019338214e-05,
2.26897845008e-05,
2.19127564256e-05,
2.11691214099e-05,
2.04572464802e-05,
1.97755880758e-05,
1.91226866362e-05,
1.84971615472e-05,
1.78977064192e-05,
1.73230846753e-05,
1.67721254257e-05,
1.62437196094e-05,
1.57368163839e-05,
1.52504197452e-05,
1.47835853637e-05,
1.43354176183e-05,
1.39050668185e-05,
1.34917265987e-05,
1.30946314752e-05,
1.27130545534e-05,
1.23463053761e-05,
1.1993727903e-05,
1.16546986132e-05,
1.13286247216e-05,
1.10149425032e-05,
1.07131157169e-05,
1.04226341229e-05,
1.01430120882e-05,
9.87378727336e-06,
9.61451939639e-06,
9.36478906846e-06,
9.1241966968e-06,
8.89236145072e-06,
8.66892028687e-06,
8.45352702984e-06,
8.24585150492e-06,
8.04557871962e-06,
7.8524080911e-06,
7.66605271666e-06,
7.48623868465e-06,
7.31270442345e-06,
7.14520008614e-06,
6.98348696885e-06,
6.82733696067e-06,
6.6765320233e-06,
6.53086369878e-06,
6.3901326435e-06,
6.25414818705e-06,
6.12272791454e-06,
5.99569727089e-06,
5.87288918589e-06,
5.75414371894e-06,
5.63930772217e-06,
5.52823452108e-06,
5.4207836116e-06,
5.31682037269e-06,
5.2162157936e-06,
5.11884621499e-06,
5.02459308318e-06,
4.93334271669e-06,
4.84498608458e-06,
4.75941859573e-06,
4.6765398987e-06,
4.59625369137e-06,
4.51846754005e-06,
4.44309270735e-06,
4.37004398852e-06,
4.29923955571e-06,
4.23060080972e-06,
4.16405223895e-06,
4.09952128505e-06,
4.03693821501e-06,
3.9762359993e-06,
3.91735019581e-06,
3.86021883918e-06,
3.80478233541e-06,
3.75098336133e-06,
3.69876676874e-06,
3.64807949302e-06,
3.5988704659e-06,
3.55109053232e-06,
3.50469237098e-06,
3.45963041858e-06,
3.41586079747e-06,
3.37334124659e-06,
3.33203105542e-06,
3.29189100103e-06,
3.25288328783e-06,
3.21497149002e-06,
3.1781204966e-06,
3.14229645878e-06,
3.10746673974e-06,
3.07359986649e-06,
3.04066548395e-06,
3.00863431092e-06,
2.977478098e-06,
2.94716958728e-06,
2.91768247383e-06,
2.88899136873e-06,
2.86107176376e-06,
2.83389999753e-06,
2.80745322306e-06,
2.78170937674e-06,
2.75664714852e-06,
2.73224595344e-06,
2.70848590424e-06,
2.68534778522e-06,
2.66281302702e-06,
2.64086368261e-06,
2.61948240414e-06,
2.59865242075e-06,
2.57835751735e-06,
2.55858201418e-06,
2.5393107472e-06,
2.52052904935e-06,
2.50222273244e-06,
2.48437806986e-06,
2.4669817799e-06,
2.45002100982e-06,
2.43348332044e-06,
2.41735667141e-06,
2.40162940707e-06,
2.38629024276e-06,
2.37132825178e-06,
2.35673285281e-06,
2.34249379777e-06,
2.32860116019e-06,
2.31504532408e-06,
2.30181697309e-06,
2.28890708021e-06,
2.27630689778e-06,
2.26400794792e-06,
2.25200201332e-06,
2.24028112833e-06,
2.22883757045e-06,
2.21766385206e-06,
2.20675271255e-06,
2.19609711066e-06,
2.18569021712e-06,
2.17552540761e-06,
2.16559625592e-06,
2.15589652739e-06,
2.14642017256e-06,
2.1371613211e-06,
2.12811427591e-06,
2.11927350745e-06,
2.11063364829e-06,
2.10218948783e-06,
2.09393596723e-06,
2.08586817449e-06,
2.07798133974e-06,
2.07027083067e-06,
2.06273214817e-06,
2.05536092199e-06,
2.04815290677e-06,
2.04110397798e-06,
2.03421012816e-06,
2.02746746321e-06,
2.02087219888e-06,
2.01442065726e-06,
2.00810926353e-06,
2.00193454272e-06,
1.99589311665e-06,
1.98998170089e-06,
1.98419710193e-06,
1.97853621436e-06,
1.97299601816e-06,
1.96757357613e-06,
1.96226603136e-06,
1.95707060478e-06,
1.95198459282e-06,
1.94700536516e-06,
1.94213036246e-06,
1.93735709432e-06,
1.93268313715e-06,
1.92810613225e-06,
1.9236237838e-06,
1.91923385707e-06,
1.91493417661e-06,
1.91072262446e-06,
1.90659713851e-06,
1.90255571084e-06,
1.89859638617e-06,
1.89471726029e-06,
1.89091647863e-06,
1.88719223475e-06,
1.88354276905e-06,
1.87996636735e-06,
1.87646135961e-06,
1.87302611868e-06,
1.86965905907e-06,
1.86635863576e-06,
1.86312334308e-06,
1.85995171356e-06,
1.85684231689e-06,
1.85379375884e-06,
1.8508046803e-06,
1.84787375626e-06,
1.84499969486e-06,
1.84218123648e-06,
1.83941715288e-06,
1.83670624627e-06,
1.83404734851e-06,
1.8314393203e-06,
1.82888105037e-06,
1.82637145473e-06,
1.82390947592e-06,
1.8214940823e-06,
1.81912426734e-06,
1.81679904892e-06,
1.81451746874e-06,
1.81227859161e-06,
1.81008150485e-06,
1.80792531773e-06,
1.80580916083e-06,
1.80373218549e-06,
1.80169356328e-06,
1.79969248544e-06,
1.7977281624e-06,
1.79579982321e-06,
1.79390671511e-06,
1.79204810304e-06,
1.79022326917e-06,
1.78843151244e-06,
1.78667214816e-06,
1.78494450755e-06,
1.78324793736e-06,
1.78158179944e-06,
1.77994547038e-06,
1.77833834113e-06,
1.77675981659e-06,
1.77520931533e-06,
1.77368626918e-06,
1.7721901229e-06,
1.7707203339e-06,
1.76927637187e-06,
1.76785771849e-06,
1.76646386715e-06,
1.7650943226e-06,
1.76374860074e-06,
1.76242622829e-06,
1.76112674252e-06,
1.75984969104e-06,
1.75859463149e-06,
1.7573611313e-06,
1.75614876749e-06,
1.75495712638e-06,
1.75378580342e-06,
1.7526344029e-06,
1.75150253779e-06,
1.75038982952e-06,
1.74929590775e-06,
1.74822041019e-06,
1.7471629824e-06,
1.74612327761e-06,
1.74510095652e-06,
1.74409568715e-06,
1.74310714461e-06,
1.74213501101e-06,
1.74117897522e-06,
1.74023873274e-06,
1.73931398557e-06,
1.73840444201e-06,
1.73750981653e-06,
1.73662982964e-06,
1.73576420771e-06,
1.7349126829e-06,
1.73407499295e-06,
1.73325088109e-06,
1.73244009592e-06,
1.73164239125e-06,
1.73085752602e-06,
1.73008526416e-06,
1.72932537448e-06,
1.72857763055e-06,
1.72784181059e-06,
1.7271176974e-06,
1.7264050782e-06,
1.72570374458e-06,
1.72501349235e-06,
1.7243341215e-06,
1.72366543606e-06,
1.72300724403e-06,
1.7223593573e-06,
1.72172159154e-06,
1.72109376613e-06,
1.72047570406e-06,
1.71986723189e-06,
1.71926817962e-06,
1.71867838065e-06,
1.71809767169e-06,
1.71752589268e-06,
1.71696288674e-06,
1.71640850008e-06,
1.71586258195e-06,
1.71532498455e-06,
1.714795563e-06,
1.71427417524e-06,
1.71376068199e-06,
1.71325494668e-06,
1.71275683539e-06,
1.71226621683e-06,
1.71178296221e-06,
1.71130694526e-06,
1.71083804213e-06,
1.71037613135e-06,
1.7099210938e-06,
1.70947281261e-06,
1.70903117318e-06,
1.70859606306e-06,
1.70816737197e-06,
1.70774499172e-06,
1.70732881614e-06,
1.70691874111e-06,
1.70651466444e-06,
1.70611648589e-06,
1.70572410708e-06,
1.7053374315e-06,
1.70495636443e-06,
1.70458081291e-06,
1.70421068574e-06,
1.70384589339e-06,
1.703486348e-06,
1.70313196334e-06,
1.70278265477e-06,
1.70243833921e-06,
1.70209893511e-06,
1.70176436242e-06,
1.70143454255e-06,
1.70110939835e-06,
1.70078885409e-06,
1.7004728354e-06,
1.70016126928e-06,
1.69985408403e-06,
1.69955120927e-06,
1.6992525759e-06,
1.69895811602e-06,
1.698667763e-06,
1.69838145139e-06,
1.6980991169e-06,
1.69782069641e-06,
1.69754612791e-06,
1.69727535051e-06,
1.69700830438e-06,
1.69674493078e-06,
1.69648517199e-06,
1.69622897131e-06,
1.69597627305e-06,
1.69572702249e-06,
1.69548116589e-06,
1.69523865043e-06,
1.69499942422e-06,
1.69476343628e-06,
1.69453063652e-06,
1.69430097572e-06,
1.69407440551e-06,
1.69385087836e-06,
1.69363034756e-06,
1.69341276722e-06,
1.69319809223e-06,
1.69298627824e-06,
1.69277728169e-06,
1.69257105975e-06,
1.69236757032e-06,
1.69216677203e-06,
1.6919686242e-06,
1.69177308685e-06,
1.69158012067e-06,
1.69138968704e-06,
1.69120174796e-06,
1.69101626608e-06,
1.69083320471e-06,
1.69065252772e-06,
1.69047419964e-06,
1.69029818557e-06,
1.69012445117e-06,
1.68995296272e-06,
1.68978368703e-06,
1.68961659147e-06,
1.68945164395e-06,
1.68928881291e-06,
1.68912806731e-06,
1.68896937663e-06,
1.68881271085e-06,
1.68865804043e-06,
1.68850533633e-06,
1.68835456998e-06,
1.68820571328e-06,
1.68805873858e-06,
1.68791361869e-06,
1.68777032685e-06,
1.68762883675e-06,
1.68748912249e-06,
1.6873511586e-06,
1.68721492002e-06,
1.68708038208e-06,
1.68694752053e-06,
1.68681631148e-06,
1.68668673145e-06,
1.68655875733e-06,
1.68643236635e-06,
1.68630753615e-06,
1.68618424468e-06,
1.68606247028e-06,
1.6859421916e-06,
1.68582338765e-06,
1.68570603776e-06,
1.68559012159e-06,
1.68547561912e-06,
1.68536251064e-06,
1.68525077675e-06,
1.68514039836e-06,
1.68503135668e-06,
1.6849236332e-06,
1.68481720971e-06,
1.68471206828e-06,
1.68460819124e-06,
1.68450556123e-06,
1.68440416114e-06,
1.6843039741e-06,
1.68420498354e-06,
1.68410717313e-06,
1.68401052678e-06,
1.68391502866e-06,
1.68382066317e-06,
1.68372741496e-06,
1.6836352689e-06,
1.68354421012e-06,
1.68345422394e-06,
1.68336529592e-06,
1.68327741184e-06,
1.68319055769e-06,
1.68310471968e-06,
1.68301988421e-06,
1.6829360379e-06,
1.68285316756e-06,
1.68277126022e-06,
1.68269030308e-06,
1.68261028354e-06,
1.68253118918e-06,
1.68245300778e-06,
1.6823757273e-06,
1.68229933586e-06,
1.68222382177e-06,
1.68214917353e-06,
1.68207537977e-06,
1.68200242932e-06,
1.68193031115e-06,
1.68185901443e-06,
1.68178852844e-06,
1.68171884266e-06,
1.6816499467e-06,
1.68158183032e-06,
1.68151448344e-06,
1.68144789612e-06,
1.68138205857e-06,
1.68131696115e-06,
1.68125259433e-06,
1.68118894875e-06,
1.68112601516e-06,
1.68106378447e-06,
1.68100224769e-06,
1.68094139599e-06,
1.68088122064e-06,
1.68082171304e-06,
1.68076286474e-06,
1.68070466737e-06,
1.68064711272e-06,
1.68059019265e-06,
1.68053389918e-06,
1.68047822442e-06,
1.6804231606e-06,
1.68036870004e-06,
1.6803148352e-06,
1.68026155863e-06,
1.68020886298e-06,
1.68015674101e-06,
1.68010518558e-06,
1.68005418966e-06,
1.68000374629e-06,
1.67995384864e-06,
1.67990448995e-06,
1.67985566357e-06,
1.67980736294e-06,
1.67975958158e-06,
1.67971231312e-06,
1.67966555126e-06,
1.67961928979e-06,
1.67957352259e-06,
1.67952824362e-06,
1.67948344694e-06,
1.67943912665e-06,
1.67939527699e-06,
1.67935189222e-06,
1.67930896672e-06,
1.67926649492e-06,
1.67922447135e-06,
1.6791828906e-06,
1.67914174733e-06,
1.67910103628e-06,
1.67906075226e-06,
1.67902089015e-06,
1.6789814449e-06,
1.67894241151e-06,
1.67890378508e-06,
1.67886556076e-06,
1.67882773376e-06,
1.67879029935e-06,
1.67875325289e-06,
1.67871658976e-06,
1.67868030545e-06,
1.67864439546e-06,
1.6786088554e-06,
1.67857368089e-06,
1.67853886765e-06,
1.67850441143e-06,
1.67847030804e-06,
1.67843655335e-06,
1.6784031433e-06,
1.67837007384e-06,
1.67833734102e-06,
1.67830494092e-06,
1.67827286966e-06,
1.67824112344e-06,
1.67820969848e-06,
1.67817859108e-06,
1.67814779755e-06,
1.67811731429e-06,
1.67808713771e-06,
1.67805726429e-06,
1.67802769055e-06,
1.67799841304e-06,
1.67796942838e-06,
1.67794073322e-06,
1.67791232425e-06,
1.67788419821e-06,
1.67785635187e-06,
1.67782878206e-06,
1.67780148563e-06,
1.67777445949e-06,
1.67774770058e-06,
1.67772120587e-06,
1.67769497238e-06,
1.67766899718e-06,
1.67764327734e-06,
1.67761781e-06,
1.67759259233e-06,
1.67756762152e-06,
1.67754289482e-06,
1.6775184095e-06,
1.67749416285e-06,
1.67747015223e-06,
1.677446375e-06,
1.67742282857e-06,
1.67739951038e-06,
1.6773764179e-06,
1.67735354863e-06,
1.6773309001e-06,
1.67730846988e-06,
1.67728625557e-06,
1.67726425477e-06,
1.67724246516e-06,
1.67722088441e-06,
1.67719951023e-06,
1.67717834036e-06,
1.67715737257e-06,
1.67713660465e-06,
1.67711603442e-06,
1.67709565974e-06,
1.67707547847e-06,
1.67705548852e-06,
1.67703568782e-06,
1.6770160743e-06,
1.67699664596e-06,
1.67697740079e-06,
1.67695833682e-06,
1.6769394521e-06,
1.67692074469e-06,
1.67690221271e-06,
1.67688385425e-06,
1.67686566747e-06,
1.67684765054e-06,
1.67682980163e-06,
1.67681211896e-06,
1.67679460075e-06,
1.67677724526e-06,
1.67676005076e-06,
1.67674301554e-06,
1.67672613791e-06,
1.67670941621e-06,
1.67669284878e-06,
1.67667643401e-06,
1.67666017028e-06,
1.67664405601e-06,
1.67662808961e-06,
1.67661226955e-06,
1.67659659429e-06,
1.67658106231e-06,
1.67656567211e-06,
1.67655042222e-06,
1.67653531118e-06,
1.67652033752e-06,
1.67650549984e-06,
1.67649079671e-06,
1.67647622675e-06,
1.67646178856e-06,
1.6764474808e-06,
1.6764333021e-06,
1.67641925115e-06,
1.67640532662e-06,
1.67639152722e-06,
1.67637785165e-06,
1.67636429865e-06,
1.67635086696e-06,
1.67633755534e-06,
1.67632436256e-06,
1.67631128741e-06,
1.67629832869e-06,
1.67628548521e-06,
1.6762727558e-06,
1.67626013931e-06,
1.67624763459e-06,
1.6762352405e-06,
1.67622295592e-06,
1.67621077976e-06,
1.67619871091e-06,
1.6761867483e-06,
1.67617489085e-06,
1.67616313751e-06,
1.67615148723e-06,
1.67613993897e-06,
1.67612849173e-06,
1.67611714448e-06,
1.67610589623e-06,
1.67609474599e-06,
1.67608369278e-06,
1.67607273564e-06,
1.67606187362e-06,
1.67605110576e-06,
1.67604043114e-06,
1.67602984883e-06,
1.67601935791e-06,
1.6760089575e-06,
1.67599864669e-06,
1.6759884246e-06,
1.67597829035e-06,
1.67596824309e-06,
1.67595828197e-06,
1.67594840612e-06,
1.67593861473e-06,
1.67592890697e-06,
1.67591928201e-06,
1.67590973905e-06,
1.6759002773e-06,
1.67589089596e-06,
1.67588159424e-06,
1.67587237139e-06,
1.67586322662e-06,
1.6758541592e-06,
1.67584516836e-06,
1.67583625337e-06,
1.6758274135e-06,
1.67581864802e-06,
1.67580995621e-06,
1.67580133738e-06,
1.67579279081e-06,
1.67578431582e-06,
1.67577591172e-06,
1.67576757783e-06,
1.67575931349e-06,
1.67575111802e-06,
1.67574299077e-06,
1.67573493109e-06,
1.67572693834e-06,
1.67571901188e-06,
1.67571115109e-06,
1.67570335534e-06,
1.67569562401e-06,
1.67568795651e-06,
1.67568035222e-06,
1.67567281055e-06,
1.67566533091e-06,
1.67565791271e-06,
1.67565055539e-06,
1.67564325836e-06,
1.67563602106e-06,
1.67562884294e-06,
1.67562172344e-06,
1.67561466201e-06,
1.67560765811e-06,
1.67560071121e-06,
1.67559382077e-06,
1.67558698627e-06,
1.67558020719e-06,
1.67557348301e-06,
1.67556681323e-06,
1.67556019735e-06,
1.67555363487e-06,
1.67554712528e-06,
1.67554066811e-06,
1.67553426288e-06,
1.6755279091e-06,
1.6755216063e-06,
1.67551535402e-06,
1.67550915179e-06,
1.67550299915e-06,
1.67549689565e-06,
1.67549084085e-06,
1.67548483429e-06,
1.67547887553e-06,
1.67547296415e-06,
1.67546709971e-06,
1.67546128179e-06,
1.67545550995e-06,
1.6754497838e-06,
1.6754441029e-06,
1.67543846686e-06,
1.67543287526e-06,
1.67542732771e-06,
1.67542182381e-06,
1.67541636317e-06,
1.6754109454e-06,
1.67540557011e-06,
1.67540023692e-06,
1.67539494546e-06,
1.67538969535e-06,
1.67538448622e-06,
1.6753793177e-06,
1.67537418945e-06,
1.67536910108e-06,
1.67536405226e-06,
1.67535904263e-06,
1.67535407184e-06,
1.67534913954e-06,
1.6753442454e-06,
1.67533938908e-06,
1.67533457025e-06,
1.67532978856e-06,
1.67532504371e-06,
1.67532033535e-06,
1.67531566317e-06,
1.67531102686e-06,
1.67530642609e-06,
1.67530186056e-06,
1.67529732995e-06,
1.67529283397e-06,
1.6752883723e-06,
1.67528394465e-06,
1.67527955073e-06,
1.67527519023e-06,
1.67527086288e-06,
1.67526656837e-06,
1.67526230642e-06,
1.67525807676e-06,
1.6752538791e-06,
1.67524971317e-06,
1.67524557869e-06,
1.67524147538e-06,
1.67523740299e-06,
1.67523336124e-06,
1.67522934987e-06,
1.67522536863e-06,
1.67522141724e-06,
1.67521749545e-06,
1.67521360302e-06,
1.67520973969e-06,
1.67520590521e-06,
1.67520209933e-06,
1.67519832181e-06,
1.67519457242e-06,
1.6751908509e-06,
1.67518715702e-06,
1.67518349055e-06,
1.67517985125e-06,
1.6751762389e-06,
1.67517265327e-06,
1.67516909412e-06,
1.67516556124e-06,
1.67516205441e-06,
1.6751585734e-06,
1.675155118e-06,
1.67515168799e-06,
1.67514828316e-06,
1.6751449033e-06,
1.67514154819e-06,
1.67513821764e-06,
1.67513491142e-06,
1.67513162935e-06,
1.67512837123e-06,
1.67512513684e-06,
1.67512192599e-06,
1.67511873849e-06,
1.67511557414e-06,
1.67511243275e-06,
1.67510931413e-06,
1.67510621808e-06,
1.67510314444e-06,
1.675100093e-06,
1.67509706358e-06,
1.67509405601e-06,
1.6750910701e-06,
1.67508810568e-06,
1.67508516256e-06,
1.67508224057e-06,
1.67507933954e-06,
1.6750764593e-06,
1.67507359968e-06,
1.6750707605e-06,
1.6750679416e-06,
1.67506514282e-06,
1.67506236399e-06,
1.67505960494e-06,
1.67505686552e-06,
1.67505414557e-06,
1.67505144493e-06,
1.67504876344e-06,
1.67504610094e-06,
1.67504345729e-06,
1.67504083233e-06,
1.67503822591e-06,
1.67503563787e-06,
1.67503306808e-06,
1.67503051638e-06,
1.67502798263e-06,
1.67502546668e-06,
1.67502296839e-06,
1.67502048762e-06,
1.67501802423e-06,
1.67501557807e-06,
1.67501314902e-06,
1.67501073693e-06,
1.67500834168e-06,
1.67500596311e-06,
1.67500360111e-06,
1.67500125553e-06,
1.67499892626e-06,
1.67499661315e-06,
1.67499431608e-06,
1.67499203493e-06,
1.67498976957e-06,
1.67498751986e-06,
1.6749852857e-06,
1.67498306695e-06,
1.67498086349e-06,
1.67497867521e-06,
1.67497650199e-06,
1.67497434369e-06,
1.67497220022e-06,
1.67497007145e-06,
1.67496795726e-06,
1.67496585755e-06,
1.67496377219e-06,
1.67496170108e-06,
1.67495964411e-06,
1.67495760116e-06,
1.67495557213e-06,
1.6749535569e-06,
1.67495155537e-06,
1.67494956744e-06,
1.67494759299e-06,
1.67494563193e-06,
1.67494368414e-06,
1.67494174953e-06,
1.674939828e-06,
1.67493791943e-06,
1.67493602374e-06,
1.67493414083e-06,
1.67493227059e-06,
1.67493041292e-06
